Num       RefCount Protocol Flags    Type St Inode Path
0000000000000000: 00000002 00000000 00000000 0002 03 5186903
0000000000000000: 00000003 00000000 00000000 0001 03 984754 /dev/socket/traced_producer
0000000000000000: 00000003 00000000 00000000 0005 03 973592
0000000000000000: 00000002 00000000 00000000 0002 03 5176790
0000000000000000: 00000003 00000000 00000000 0005 03 2413545
0000000000000000: 00000003 00000000 00000000 0005 03 966844
0000000000000000: 00000003 00000000 00000000 0001 03 52608
0000000000000000: 00000003 00000000 00000000 0005 03 955979
0000000000000000: 00000003 00000000 00000000 0005 03 4949852
0000000000000000: 00000002 00000000 00000000 0002 03 635538
0000000000000000: 00000002 00000000 00000000 0002 03 57795
0000000000000000: 00000002 00000000 00000000 0002 03 45328
0000000000000000: 00000002 00000000 00000000 0002 03 5150137
0000000000000000: 00000002 00000000 00010000 0001 01 957971 /data/system/ndebugsocket
0000000000000000: 00000002 00000000 00000000 0002 01 54710
0000000000000000: 00000002 00000000 00000000 0002 03 49463
0000000000000000: 00000003 00000000 00000000 0005 03 958120
0000000000000000: 00000003 00000000 00000000 0005 03 54272 @@@@@@@@@@@@@@@@@@@@@@@@@@@@@@@@@@@@@@@@@@@@@@@@@@@@@@@@@@@@@@@@@@@@@@@@@@@@@@@@@@@@@@@@@@@@@@@@@@@@@@@@@@@@
0000000000000000: 00000003 00000000 00000000 0005 03 5034557
0000000000000000: 00000002 00000000 00000000 0002 03 961786
0000000000000000: 00000003 00000000 00000000 0005 03 963190
0000000000000000: 00000002 00000000 00000000 0002 03 44373
0000000000000000: 00000003 00000000 00000000 0005 03 1764380
0000000000000000: 00000003 00000000 00000000 0001 03 988584
0000000000000000: 00000003 00000000 00000000 0001 03 967734
0000000000000000: 00000002 00000000 00000000 0002 01 55456
0000000000000000: 00000002 00000000 00000000 0002 03 5192045
0000000000000000: 00000003 00000000 00000000 0005 03 5176796
0000000000000000: 00000002 00000000 00000000 0002 03 5123129
0000000000000000: 00000006 00000000 00000000 0002 03 2213014 /dev/socket/wifihal/wifihal_ctrlsock
0000000000000000: 00000002 00000000 00000000 0002 03 57355
0000000000000000: 00000002 00000000 00000000 0002 03 2237822 /dev/socket/location/genl_cli_ctrl_sock
0000000000000000: 00000002 00000000 00000000 0002 03 967214
0000000000000000: 00000003 00000000 00000000 0001 03 193697
0000000000000000: 00000002 00000000 00000000 0002 01 54188
0000000000000000: 00000002 00000000 00000000 0002 03 2237823 /dev/socket/location/genl_cli_mon_sock
0000000000000000: 00000003 00000000 00000000 0001 03 966836
0000000000000000: 00000003 00000000 00000000 0001 03 956915
0000000000000000: 00000002 00000000 00000000 0002 03 5195066
0000000000000000: 00000002 00000000 00000000 0002 03 5170310
0000000000000000: 00000002 00000000 00000000 0002 03 2233230 /dev/socket/location/cld80211_cli_ctrl_sock
0000000000000000: 00000002 00000000 00000000 0002 03 70889
0000000000000000: 00000002 00000000 00000000 0002 03 2233231 /dev/socket/location/cld80211_cli_mon_sock
0000000000000000: 00000003 00000000 00000000 0005 03 966773
0000000000000000: 00000002 00000000 00000000 0002 03 54383
0000000000000000: 00000002 00000000 00000000 0002 03 962147
0000000000000000: 00000002 00000000 00000000 0002 01 66296
0000000000000000: 00000002 00000000 00000000 0002 01 45890
0000000000000000: 00000003 00000000 00000000 0005 03 3783300
0000000000000000: 00000003 00000000 00000000 0005 03 967731
0000000000000000: 00000002 00000000 00010000 0005 01 5193923 /dev/socket/adbd
0000000000000000: 00000003 00000000 00000000 0005 03 961266
0000000000000000: 00000003 00000000 00000000 0005 03 958121
0000000000000000: 00000003 00000000 00000000 0001 03 52085 /dev/socket/tlpd/tlpd_child_listener
0000000000000000: 00000002 00000000 00000000 0002 03 5192742
0000000000000000: 00000002 00000000 00000000 0002 01 42641
0000000000000000: 00000003 00000000 00000000 0005 03 973427
0000000000000000: 00000002 00000000 00000000 0002 03 54493
0000000000000000: 00000002 00000000 00000000 0002 03 38360
0000000000000000: 00000002 00000000 00000000 0002 03 52026
0000000000000000: 00000002 00000000 00000000 0002 01 55451
0000000000000000: 00000003 00000000 00000000 0001 03 34266
0000000000000000: 00000003 00000000 00000000 0005 03 4951496
0000000000000000: 00000003 00000000 00000000 0005 03 993754
0000000000000000: 00000002 00000000 00000000 0002 03 5191916
0000000000000000: 00000003 00000000 00000000 0005 03 1763356
0000000000000000: 00000002 00000000 00000000 0002 01 2299408 /dev/socket/wpa_wlan0
0000000000000000: 00000002 00000000 00000000 0002 03 958558
0000000000000000: 00000003 00000000 00000000 0005 03 5179838
0000000000000000: 00000003 00000000 00000000 0005 03 3792321
0000000000000000: 00000002 00000000 00000000 0002 03 995586
0000000000000000: 00000002 00000000 00000000 0002 03 42751
0000000000000000: 00000003 00000000 00000000 0005 03 4849260
0000000000000000: 00000002 00000000 00000000 0002 03 996825
0000000000000000: 00000002 00000000 00000000 0002 01 56594
0000000000000000: 00000003 00000000 00000000 0005 03 1013769
0000000000000000: 00000002 00000000 00000000 0002 03 49367
0000000000000000: 00000002 00000000 00000000 0002 03 44225
0000000000000000: 00000003 00000000 00000000 0005 03 947983 /dev/socket/lmkd
0000000000000000: 00000003 00000000 00000000 0005 03 1108755
0000000000000000: 00000003 00000000 00000000 0005 03 962065
0000000000000000: 00000002 00000000 00000000 0002 03 2194059
0000000000000000: 00000003 00000000 00000000 0005 03 973518
0000000000000000: 00000003 00000000 00000000 0001 03 193696
0000000000000000: 00000002 00000000 00000000 0002 03 5190147
0000000000000000: 00000003 00000000 00000000 0005 03 4951497
0000000000000000: 00000003 00000000 00000000 0001 03 5203344
0000000000000000: 00000002 00000000 00000000 0002 03 5179833
0000000000000000: 00000003 00000000 00000000 0005 03 967359
0000000000000000: 00000003 00000000 00000000 0005 03 965029
0000000000000000: 00000003 00000000 00000000 0001 03 52605
0000000000000000: 00000003 00000000 00000000 0005 03 3301612
0000000000000000: 00000002 00000000 00000000 0002 03 59552
0000000000000000: 00000003 00000000 00000000 0001 03 987925
0000000000000000: 00000003 00000000 00000000 0005 03 5178285
0000000000000000: 00000003 00000000 00000000 0005 03 967737
0000000000000000: 00000002 00000000 00000000 0002 03 50722
0000000000000000: 00000003 00000000 00000000 0005 03 1108756
0000000000000000: 00000002 00000000 00000000 0002 03 44105
0000000000000000: 00000003 00000000 00000000 0005 03 2187111
0000000000000000: 00000002 00000000 00010000 0005 01 43339 /dev/socket/tombstoned_crash
0000000000000000: 00000002 00000000 00000000 0002 03 5182558
0000000000000000: 00000003 00000000 00000000 0005 03 966779
0000000000000000: 00000003 00000000 00000000 0001 03 861758 /data/misc/.socket_stream
0000000000000000: 00000002 00000000 00000000 0002 03 957255
0000000000000000: 00000002 00000000 00000000 0002 03 45742
0000000000000000: 00000002 00000000 00010000 0005 01 43340 /dev/socket/tombstoned_intercept
0000000000000000: 00000003 00000000 00000000 0005 03 5186916
0000000000000000: 00000003 00000000 00000000 0001 03 966796
0000000000000000: 00000002 00000000 00000000 0002 03 959302
0000000000000000: 00000002 00000000 00010000 0005 01 43341 /dev/socket/tombstoned_java_trace
0000000000000000: 00000003 00000000 00000000 0005 03 964979
0000000000000000: 00000003 00000000 00000000 0001 03 44713 /dev/socket/ssgtzd_opener
0000000000000000: 00000002 00000000 00000000 0002 03 3695723
0000000000000000: 00000002 00000000 00000000 0002 03 52064
0000000000000000: 00000003 00000000 00000000 0001 03 962063
0000000000000000: 00000002 00000000 00000000 0002 03 696557
0000000000000000: 00000002 00000000 00000000 0002 03 57603
0000000000000000: 00000002 00000000 00000000 0002 03 872033
0000000000000000: 00000002 00000000 00000000 0002 01 49352
0000000000000000: 00000002 00000000 00000000 0002 03 36159
0000000000000000: 00000002 00000000 00010000 0001 01 31518 /dev/socket/prng_seeder
0000000000000000: 00000002 00000000 00000000 0002 03 5190865
0000000000000000: 00000003 00000000 00000000 0005 03 966843
0000000000000000: 00000002 00000000 00000000 0002 03 947059
0000000000000000: 00000002 00000000 00000000 0002 03 464466
0000000000000000: 00000003 00000000 00000000 0005 03 3783301
0000000000000000: 00000002 00000000 00000000 0002 03 45937
0000000000000000: 00000002 00000000 00000000 0002 03 26439
0000000000000000: 00000003 00000000 00000000 0001 03 989975
0000000000000000: 00000002 00000000 00000000 0002 03 42857
0000000000000000: 00000003 00000000 00000000 0005 03 38905
0000000000000000: 00000002 00000000 00000000 0002 03 4846280
0000000000000000: 00000003 00000000 00000000 0005 03 982874
0000000000000000: 00000002 00000000 00000000 0002 03 26430
0000000000000000: 00000003 00000000 00000000 0005 03 27687
0000000000000000: 00000002 00000000 00000000 0002 03 956263
0000000000000000: 00000002 00000000 00000000 0002 03 5181558
0000000000000000: 00000003 00000000 00000000 0001 03 2658623
0000000000000000: 00000002 00000000 00000000 0002 03 1764381
0000000000000000: 00000003 00000000 00000000 0001 03 5203342
0000000000000000: 00000003 00000000 00000000 0005 03 4720166
0000000000000000: 00000003 00000000 00000000 0001 03 974603 /dev/socket/traced_producer
0000000000000000: 00000003 00000000 00000000 0001 03 34265
0000000000000000: 00000002 00000000 00000000 0002 03 5190626
0000000000000000: 00000002 00000000 00000000 0002 03 2446099
0000000000000000: 00000003 00000000 00000000 0001 03 947718
0000000000000000: 00000002 00000000 00000000 0002 03 38967
0000000000000000: 00000002 00000000 00000000 0002 03 971909
0000000000000000: 00000003 00000000 00000000 0005 03 1019510
0000000000000000: 00000002 00000000 00000000 0002 03 36791
0000000000000000: 00000003 00000000 00000000 0005 03 5177997
0000000000000000: 00000003 00000000 00000000 0001 03 3789755 /dev/socket/traced_producer
0000000000000000: 00000003 00000000 00000000 0001 03 979469
0000000000000000: 00000003 00000000 00000000 0005 03 974534
0000000000000000: 00000003 00000000 00000000 0005 03 963191
0000000000000000: 00000003 00000000 00000000 0001 03 965808
0000000000000000: 00000002 00000000 00000000 0002 03 44879
0000000000000000: 00000003 00000000 00000000 0005 03 973541
0000000000000000: 00000002 00000000 00000000 0002 03 645136
0000000000000000: 00000003 00000000 00000000 0001 03 988585 /dev/socket/traced_producer
0000000000000000: 00000003 00000000 00000000 0001 03 51428
0000000000000000: 00000003 00000000 00000000 0005 03 5195064
0000000000000000: 00000003 00000000 00000000 0005 03 962526
0000000000000000: 00000002 00000000 00000000 0002 01 61241
0000000000000000: 00000002 00000000 00000000 0002 01 57664
0000000000000000: 00000003 00000000 00000000 0005 03 5189559
0000000000000000: 00000003 00000000 00000000 0001 03 987924
0000000000000000: 00000002 00000000 00000000 0002 01 958814
0000000000000000: 00000003 00000000 00000000 0001 03 956086
0000000000000000: 00000002 00000000 00000000 0002 01 66297
0000000000000000: 00000003 00000000 00000000 0005 03 967358
0000000000000000: 00000002 00000000 00000000 0002 03 968832
0000000000000000: 00000003 00000000 00000000 0001 03 965839
0000000000000000: 00000002 00000000 00000000 0002 03 44434
0000000000000000: 00000003 00000000 00000000 0005 03 5177996
0000000000000000: 00000003 00000000 00000000 0001 03 4955167 /dev/socket/traced_producer
0000000000000000: 00000003 00000000 00000000 0005 03 3791457
0000000000000000: 00000002 00000000 00000000 0002 03 46759
0000000000000000: 00000002 00000000 00000000 0002 03 37998
0000000000000000: 00000002 00000000 00000000 0002 03 49038
0000000000000000: 00000002 00000000 00000000 0002 03 964678
0000000000000000: 00000002 00000000 00000000 0002 03 790596
0000000000000000: 00000002 00000000 00000000 0002 03 52061
0000000000000000: 00000003 00000000 00000000 0005 03 2658606
0000000000000000: 00000003 00000000 00000000 0005 03 949005
0000000000000000: 00000003 00000000 00000000 0005 03 5189584
0000000000000000: 00000003 00000000 00000000 0005 03 1763357
0000000000000000: 00000002 00000000 00000000 0002 03 973957
0000000000000000: 00000003 00000000 00000000 0001 03 964975
0000000000000000: 00000003 00000000 00000000 0005 03 947065
0000000000000000: 00000002 00000000 00000000 0002 03 5180691
0000000000000000: 00000003 00000000 00000000 0001 03 989979
0000000000000000: 00000003 00000000 00000000 0005 03 982875
0000000000000000: 00000002 00000000 00000000 0002 03 969343
0000000000000000: 00000002 00000000 00000000 0002 03 691114
0000000000000000: 00000002 00000000 00000000 0002 03 54262
0000000000000000: 00000002 00000000 00010000 0001 01 38687 /dev/socket/vaultkeeper/vaultkeeper
0000000000000000: 00000002 00000000 00000000 0002 01 54709
0000000000000000: 00000002 00000000 00000000 0002 03 38520
0000000000000000: 00000003 00000000 00000000 0005 03 5179788
0000000000000000: 00000002 00000000 00000000 0002 03 5180829
0000000000000000: 00000003 00000000 00000000 0001 03 988587 /dev/socket/traced_producer
0000000000000000: 00000002 00000000 00000000 0002 03 72942
0000000000000000: 00000002 00000000 00000000 0002 03 45329
0000000000000000: 00000003 00000000 00000000 0005 03 5193101
0000000000000000: 00000002 00000000 00000000 0002 03 964986
0000000000000000: 00000003 00000000 00000000 0005 03 956365
0000000000000000: 00000003 00000000 00000000 0001 03 948647
0000000000000000: 00000002 00000000 00000000 0002 03 44458
0000000000000000: 00000003 00000000 00000000 0005 03 1217887
0000000000000000: 00000002 00000000 00000000 0002 03 974583
0000000000000000: 00000002 00000000 00000000 0002 03 962640
0000000000000000: 0000003C 00000000 00000000 0002 03 45406 /dev/socket/statsdw
0000000000000000: 00000003 00000000 00000000 0005 03 4416571
0000000000000000: 00000003 00000000 00000000 0001 03 989980 /dev/socket/traced_producer
0000000000000000: 00000003 00000000 00000000 0001 03 966803
0000000000000000: 00000003 00000000 00000000 0005 03 957866
0000000000000000: 00000003 00000000 00000000 0001 03 67028 /data/misc/.socket_stream
0000000000000000: 00000002 00000000 00000000 0002 03 71161
0000000000000000: 00000002 00000000 00000000 0002 03 51759
0000000000000000: 00000002 00000000 00000000 0002 03 42574
0000000000000000: 00000002 00000000 00010000 0001 01 48691 /dev/socket/ssgtzd
0000000000000000: 00000002 00000000 00010000 0001 01 36307 /dev/socket/logd
0000000000000000: 00000002 00000000 00000000 0002 03 2302165
0000000000000000: 00000003 00000000 00000000 0001 03 2233194
0000000000000000: 00000003 00000000 00000000 0001 03 967735
0000000000000000: 00000002 00000000 00010000 0001 01 48692 /dev/socket/ssgtzd_opener
0000000000000000: 00000002 00000000 00000000 0002 03 45100
0000000000000000: 00000002 00000000 00010000 0005 01 36308 /dev/socket/logdr
0000000000000000: 00000003 00000000 00000000 0001 03 978687
0000000000000000: 00000003 00000000 00000000 0005 03 972935
0000000000000000: 00000002 00000000 00000000 0002 03 635832
0000000000000000: 000000CB 00000000 00000000 0002 03 36309 /dev/socket/logdw
0000000000000000: 00000002 00000000 00000000 0002 03 5192034
0000000000000000: 00000002 00000000 00000000 0002 03 5151635
0000000000000000: 00000002 00000000 00010000 0005 01 35506 /dev/socket/lmkd
0000000000000000: 00000003 00000000 00000000 0005 03 5154647
0000000000000000: 00000003 00000000 00000000 0001 03 965810 @Multiclient2
0000000000000000: 00000003 00000000 00000000 0005 03 965702
0000000000000000: 00000003 00000000 00000000 0005 03 955978
0000000000000000: 00000002 00000000 00000000 0002 03 49283
0000000000000000: 00000002 00000000 00000000 0002 03 46102
0000000000000000: 00000002 00000000 00000000 0002 03 42915
0000000000000000: 00000002 00000000 00000000 0002 03 2447255
0000000000000000: 00000002 00000000 00000000 0002 03 53701
0000000000000000: 00000002 00000000 00010000 0001 01 48843 /dev/socket/hermes_secnvm
0000000000000000: 00000003 00000000 00000000 0005 03 3791456
0000000000000000: 00000002 00000000 00010000 0001 01 49085 /dev/socket/pps
0000000000000000: 00000003 00000000 00000000 0001 03 5203345
0000000000000000: 00000003 00000000 00000000 0005 03 969030
0000000000000000: 00000003 00000000 00000000 0005 03 965028
0000000000000000: 00000002 00000000 00000000 0002 03 956130
0000000000000000: 00000003 00000000 00000000 0005 03 2187110
0000000000000000: 00000002 00000000 00000000 0002 03 1493996
0000000000000000: 00000002 00000000 00000000 0002 03 1498258
0000000000000000: 00000002 00000000 00000000 0002 01 42643 /dev/socket/location/socket_hal
0000000000000000: 00000003 00000000 00000000 0005 03 38903
0000000000000000: 00000003 00000000 00000000 0005 03 4416572
0000000000000000: 00000002 00000000 00000000 0002 03 3790447
0000000000000000: 00000002 00000000 00000000 0002 03 953196
0000000000000000: 00000002 00000000 00000000 0002 01 66295
0000000000000000: 00000002 00000000 00000000 0002 03 26481
0000000000000000: 00000002 00000000 00000000 0002 01 49351 /dev/socket/location/mq/IPCMessagingProxy-1761
0000000000000000: 00000003 00000000 00000000 0005 03 27715
0000000000000000: 00000003 00000000 00000000 0005 03 5191930 @jdwp-control
0000000000000000: 00000003 00000000 00000000 0005 03 5178043
0000000000000000: 00000003 00000000 00000000 0005 03 958320
0000000000000000: 00000003 00000000 00000000 0001 03 3789754
0000000000000000: 00000002 00000000 00000000 0002 03 55382
0000000000000000: 00000002 00000000 00000000 0002 03 36356
0000000000000000: 00000002 00000000 00010000 0005 01 642248 /dev/socket/perfmond
0000000000000000: 00000002 00000000 00000000 0002 03 5182134
0000000000000000: 00000003 00000000 00000000 0005 03 966781
0000000000000000: 00000002 00000000 00000000 0005 01 642249 /dev/socket/perfmon_send
0000000000000000: 00000003 00000000 00000000 0005 03 3107116
0000000000000000: 00000003 00000000 00000000 0005 03 961267
0000000000000000: 00000002 00000000 00010000 0005 01 643279 /dev/socket/perfsdkserver
0000000000000000: 00000003 00000000 00000000 0001 03 72286
0000000000000000: 00000002 00000000 00000000 0002 03 966460
0000000000000000: 00000002 00000000 00000000 0002 03 5180890
0000000000000000: 00000002 00000000 00000000 0002 03 59468
0000000000000000: 00000003 00000000 00000000 0001 03 2659482
0000000000000000: 00000003 00000000 00000000 0005 03 947997
0000000000000000: 00000003 00000000 00000000 0001 03 947945
0000000000000000: 00000002 00000000 00000000 0002 03 953199
0000000000000000: 00000002 00000000 00000000 0002 03 44877
0000000000000000: 00000003 00000000 00000000 0005 03 5178280
0000000000000000: 00000003 00000000 00000000 0001 03 948751
0000000000000000: 00000003 00000000 00000000 0005 03 144007 /dev/socket/logdr
0000000000000000: 00000003 00000000 00000000 0001 03 58497
0000000000000000: 00000003 00000000 00000000 0005 03 3783299
0000000000000000: 00000002 00000000 00000000 0002 03 42718
0000000000000000: 00000002 00000000 00000000 0002 03 45789
0000000000000000: 00000002 00000000 00000000 0002 03 5170711
0000000000000000: 00000003 00000000 00000000 0005 03 972936
0000000000000000: 00000006 00000000 00000000 0002 03 50918 /dev/socket/ewlogd
0000000000000000: 00000002 00000000 00000000 0002 03 962804
0000000000000000: 00000002 00000000 00000000 0002 03 42699
0000000000000000: 00000002 00000000 00000000 0002 03 5178052
0000000000000000: 00000003 00000000 00000000 0005 03 970305
0000000000000000: 00000003 00000000 00000000 0001 03 956903
0000000000000000: 00000003 00000000 00000000 0005 03 957801
0000000000000000: 00000002 00000000 00000000 0002 03 4952159
0000000000000000: 00000002 00000000 00000000 0002 03 5198061
0000000000000000: 00000003 00000000 00000000 0005 03 5179839
0000000000000000: 00000003 00000000 00000000 0005 03 956361
0000000000000000: 00000003 00000000 00000000 0001 03 51687
0000000000000000: 00000002 00000000 00000000 0002 03 45863
0000000000000000: 00000003 00000000 00000000 0005 03 2413546
0000000000000000: 00000003 00000000 00000000 0001 03 988600 /dev/socket/traced_producer
0000000000000000: 00000003 00000000 00000000 0005 03 965695
0000000000000000: 00000003 00000000 00000000 0001 03 59123
0000000000000000: 00000002 00000000 00000000 0002 03 48936
0000000000000000: 00000002 00000000 00010000 0001 01 35647 /dev/socket/notify-topology
0000000000000000: 00000003 00000000 00000000 0005 03 3783298
0000000000000000: 00000002 00000000 00000000 0001 03 2643666
0000000000000000: 00000002 00000000 00000000 0002 03 54653
0000000000000000: 00000002 00000000 00000000 0002 03 49394
0000000000000000: 00000002 00000000 00000000 0002 03 44142
0000000000000000: 00000003 00000000 00000000 0001 03 974584
0000000000000000: 00000002 00000000 00000000 0002 03 643282
0000000000000000: 00000002 00000000 00000000 0002 03 59465
0000000000000000: 00000003 00000000 00000000 0005 03 44878
0000000000000000: 00000002 00000000 00000000 0002 03 50745
0000000000000000: 00000003 00000000 00000000 0005 03 1755383
0000000000000000: 00000002 00000000 00000000 0002 03 953210
0000000000000000: 00000003 00000000 00000000 0005 03 1044568
0000000000000000: 00000002 00000000 00000000 0002 03 2659071
0000000000000000: 00000003 00000000 00000000 0005 03 1129406
0000000000000000: 00000002 00000000 00000000 0002 03 5186667
0000000000000000: 00000002 00000000 00000000 0002 01 66293
0000000000000000: 00000002 00000000 00000000 0002 03 994539
0000000000000000: 00000003 00000000 00000000 0005 03 956366
0000000000000000: 00000003 00000000 00000000 0005 03 949006
0000000000000000: 00000003 00000000 00000000 0005 03 5178286
0000000000000000: 00000003 00000000 00000000 0005 03 965703
0000000000000000: 00000002 00000000 00010000 0001 01 100293 /data/local/tmp/temp_su.sock
0000000000000000: 00000003 00000000 00000000 0005 03 4822006
0000000000000000: 00000002 00000000 00000000 0002 03 973718
0000000000000000: 00000002 00000000 00000000 0002 03 39269
0000000000000000: 00000002 00000000 00000000 0002 03 640361
0000000000000000: 00000002 00000000 00000000 0002 03 49241
0000000000000000: 00000003 00000000 00000000 0005 03 27714
0000000000000000: 00000003 00000000 00000000 0005 03 5193102
0000000000000000: 00000002 00000000 00000000 0002 03 5150212
0000000000000000: 00000003 00000000 00000000 0005 03 3301613
0000000000000000: 00000002 00000000 00000000 0002 03 51223
0000000000000000: 00000003 00000000 00000000 0001 03 947719
0000000000000000: 00000003 00000000 00000000 0001 03 989974
0000000000000000: 00000002 00000000 00000000 0002 01 945960
0000000000000000: 00000002 00000000 00000000 0002 03 65193
0000000000000000: 00000003 00000000 00000000 0005 03 54271
0000000000000000: 00000003 00000000 00000000 0001 03 957792
0000000000000000: 00000003 00000000 00000000 0005 03 1217886
0000000000000000: 00000002 00000000 00000000 0002 03 955928
0000000000000000: 00000002 00000000 00000000 0002 03 5150160
0000000000000000: 00000003 00000000 00000000 0005 03 840636 /dev/socket/perfmond
0000000000000000: 00000003 00000000 00000000 0001 03 76832
0000000000000000: 00000003 00000000 00000000 0005 03 38906
0000000000000000: 00000002 00000000 00000000 0002 03 5157922
0000000000000000: 00000003 00000000 00000000 0005 03 5061604
0000000000000000: 00000002 00000000 00000000 0002 01 961207 /data/system/unsolzygotesocket
0000000000000000: 00000002 00000000 00000000 0002 03 636253
0000000000000000: 00000003 00000000 00000000 0005 03 5194439
0000000000000000: 00000002 00000000 00000000 0002 03 5156757
0000000000000000: 00000002 00000000 00000000 0002 03 957957
0000000000000000: 00000003 00000000 00000000 0001 03 948650
0000000000000000: 00000002 00000000 00000000 0002 03 36819
0000000000000000: 00000003 00000000 00000000 0001 03 5203343
0000000000000000: 00000002 00000000 00000000 0002 03 5169687
0000000000000000: 00000003 00000000 00000000 0005 03 973519
0000000000000000: 00000003 00000000 00000000 0005 03 5189585
0000000000000000: 00000003 00000000 00000000 0005 03 947982
0000000000000000: 00000003 00000000 00000000 0005 03 27688
0000000000000000: 00000003 00000000 00000000 0001 03 2233229
0000000000000000: 00000002 00000000 00000000 0002 03 42999
0000000000000000: 00000003 00000000 00000000 0005 03 1764379
0000000000000000: 00000002 00000000 00000000 0002 03 4836652
0000000000000000: 00000003 00000000 00000000 0005 03 966772
0000000000000000: 00000003 00000000 00000000 0001 03 60931
0000000000000000: 00000002 00000000 00000000 0002 03 44950
0000000000000000: 00000002 00000000 00000000 0002 03 46675
0000000000000000: 00000002 00000000 00000000 0002 03 37983
0000000000000000: 00000003 00000000 00000000 0005 03 3976100
0000000000000000: 00000002 00000000 00000000 0002 03 2414532
0000000000000000: 00000003 00000000 00000000 0005 03 966783
0000000000000000: 00000002 00000000 00000000 0002 03 966415
0000000000000000: 00000002 00000000 00000000 0002 03 965115
0000000000000000: 00000002 00000000 00000000 0002 03 952292
0000000000000000: 00000003 00000000 00000000 0005 03 967732
0000000000000000: 00000003 00000000 00000000 0005 03 953359 @@@@@@@@@@@@@@@@@@@@@@@@@@@@@@@@@@@@@@@@@@@@@@@@@@@@@@@@@@@@@@@@@@@@@@@@@@@@@@@@@@@@@@@@@@@@@@@@@@@@@@@@@@@@
0000000000000000: 00000002 00000000 00000000 0002 01 54191
0000000000000000: 00000002 00000000 00000000 0002 03 53834
0000000000000000: 00000003 00000000 00000000 0005 03 5186915
0000000000000000: 00000003 00000000 00000000 0005 03 2658605
0000000000000000: 00000003 00000000 00000000 0001 03 2659481
0000000000000000: 00000002 00000000 00010000 0001 01 57356 /data/misc/.socket_stream
0000000000000000: 00000003 00000000 00000000 0005 03 3107115
0000000000000000: 00000002 00000000 00000000 0002 03 994584
0000000000000000: 00000002 00000000 00000000 0002 03 640367
0000000000000000: 00000002 00000000 00000000 0002 03 4949841
0000000000000000: 00000003 00000000 00000000 0001 03 3976098 /dev/socket/traced_producer
0000000000000000: 00000002 00000000 00000000 0002 03 2195363
0000000000000000: 00000003 00000000 00000000 0001 03 987926
0000000000000000: 00000003 00000000 00000000 0005 03 971615 /dev/socket/pageboostd
0000000000000000: 00000003 00000000 00000000 0005 03 57604
0000000000000000: 00000003 00000000 00000000 0001 03 58379
0000000000000000: 00000003 00000000 00000000 0005 03 956360
0000000000000000: 00000002 00000000 00000000 0002 03 51233
0000000000000000: 00000003 00000000 00000000 0005 03 5194019 @jdwp-control
0000000000000000: 00000003 00000000 00000000 0005 03 5178281
0000000000000000: 00000002 00000000 00000000 0002 01 2302178 /data/vendor/wifi/wpa/sockets/wlan0
0000000000000000: 00000003 00000000 00000000 0005 03 967738
0000000000000000: 00000002 00000000 00000000 0002 03 961795
0000000000000000: 00000002 00000000 00000000 0002 03 58173
0000000000000000: 00000002 00000000 00000000 0002 03 50492
0000000000000000: 00000003 00000000 00000000 0005 03 3783257
0000000000000000: 00000003 00000000 00000000 0001 03 948649
0000000000000000: 00000002 00000000 00000000 0002 01 66298
0000000000000000: 00000002 00000000 00000000 0002 01 34267
0000000000000000: 00000003 00000000 00000000 0001 03 988595 /dev/socket/traced_producer
0000000000000000: 00000002 00000000 00000000 0002 01 66292
0000000000000000: 00000003 00000000 00000000 0001 03 2658622
0000000000000000: 00000003 00000000 00000000 0001 03 59122
0000000000000000: 00000002 00000000 00000000 0002 03 50867
0000000000000000: 00000003 00000000 00000000 0005 03 3792917
0000000000000000: 00000003 00000000 00000000 0005 03 956077
0000000000000000: 00000003 00000000 00000000 0005 03 949007
0000000000000000: 00000003 00000000 00000000 0001 03 868263 /dev/socket/ssgtzd
0000000000000000: 00000002 00000000 00010000 0001 01 947627 /dev/socket/dnsproxyd
0000000000000000: 00000002 00000000 00000000 0002 03 58209
0000000000000000: 00000002 00000000 00000000 0002 03 974156
0000000000000000: 00000002 00000000 00010000 0001 01 947630 /dev/socket/napproxyd
0000000000000000: 00000002 00000000 00000000 0002 03 51895
0000000000000000: 00000002 00000000 00000000 0002 03 54061
0000000000000000: 00000003 00000000 00000000 0005 03 4949851
0000000000000000: 00000003 00000000 00000000 0001 03 2213017
0000000000000000: 00000002 00000000 00000000 0002 03 967872
0000000000000000: 00000002 00000000 00000000 0001 01 947635 /dev/socket/mdns
0000000000000000: 00000003 00000000 00000000 0005 03 3976101
0000000000000000: 00000003 00000000 00000000 0001 03 966745 /dev/socket/eris
0000000000000000: 00000002 00000000 00010000 0001 01 947637 /dev/socket/fwmarkd
0000000000000000: 00000002 00000000 00000000 0002 03 59125
0000000000000000: 00000002 00000000 00010000 0001 01 954523 /dev/socket/zygote
0000000000000000: 00000002 00000000 00000000 0002 03 5180940
0000000000000000: 00000002 00000000 00010000 0001 01 954524 /dev/socket/usap_pool_primary
0000000000000000: 00000002 00000000 00010000 0001 01 53704 /data/misc/.consocket_stream
0000000000000000: 00000002 00000000 00010000 0001 01 53308 /dev/socket/imsd
0000000000000000: 00000002 00000000 00000000 0002 03 48028
0000000000000000: 00000003 00000000 00000000 0005 03 5195065 /dev/socket/adbd
0000000000000000: 00000003 00000000 00000000 0005 03 948074
0000000000000000: 00000003 00000000 00000000 0001 03 55400 /data/misc/.socket_stream
0000000000000000: 00000002 00000000 00010000 0001 01 53705 /data/misc/.tcpdump_socket
0000000000000000: 00000002 00000000 00010000 0005 01 54395 /dev/socket/shsusrd/shsc_socket
0000000000000000: 00000002 00000000 00000000 0002 03 49328
0000000000000000: 00000002 00000000 00010000 0001 01 955985 /dev/socket/pacm/pacmservice
0000000000000000: 00000003 00000000 00000000 0005 03 3792918
0000000000000000: 00000003 00000000 00000000 0001 03 3790469 /dev/socket/traced_producer
0000000000000000: 00000003 00000000 00000000 0005 03 966780
0000000000000000: 00000002 00000000 00000000 0002 03 956924
0000000000000000: 00000002 00000000 00000000 0002 03 45895
0000000000000000: 00000003 00000000 00000000 0005 03 5179787
0000000000000000: 00000002 00000000 00000000 0002 03 994646
0000000000000000: 00000002 00000000 00000000 0002 01 54187
0000000000000000: 00000002 00000000 00000000 0002 03 42659
0000000000000000: 00000002 00000000 00010000 0001 01 42209 /dev/socket/knoxnative
0000000000000000: 00000002 00000000 00000000 0002 03 5159237
0000000000000000: 00000003 00000000 00000000 0001 03 962062
0000000000000000: 00000002 00000000 00000000 0002 01 56336 /dev/socket/ipacm_log_file
0000000000000000: 00000002 00000000 00000000 0002 01 54707 /dev/socket/location/mq/LOC_LAUNCHER
0000000000000000: 00000002 00000000 00000000 0002 03 5178918
0000000000000000: 00000002 00000000 00000000 0002 03 969179
0000000000000000: 00000002 00000000 00000000 0002 01 57663 /dev/socket/location/mq/LOWI-SERVER
0000000000000000: 00000002 00000000 00000000 0002 01 55437
0000000000000000: 00000002 00000000 00000000 0002 03 38561
0000000000000000: 00000002 00000000 00000000 0002 03 5191130
0000000000000000: 00000002 00000000 00010000 0001 01 965752 /dev/socket/eris
0000000000000000: 00000002 00000000 00000000 0002 01 56553 /dev/socket/adpl_cmd_uds_file
0000000000000000: 00000002 00000000 00010000 0001 01 59549 /dev/socket/tlpd/tlpd_child_listener
0000000000000000: 00000002 00000000 00000000 0002 03 45938
0000000000000000: 00000003 00000000 00000000 0001 03 988589 /dev/socket/traced_producer
0000000000000000: 00000002 00000000 00010000 0001 01 958418 /dev/socket/thermal-send-client
0000000000000000: 00000002 00000000 00000000 0002 03 67240
0000000000000000: 00000002 00000000 00010000 0001 01 57985 /dev/socket/tlpd/tlpd_client_listener
0000000000000000: 00000002 00000000 00000000 0002 01 54189
0000000000000000: 00000003 00000000 00000000 0001 03 58378
0000000000000000: 00000002 00000000 00010000 0001 01 958419 /dev/socket/thermal-recv-client
0000000000000000: 00000003 00000000 00000000 0005 03 949008
0000000000000000: 00000003 00000000 00000000 0001 03 52607
0000000000000000: 00000002 00000000 00000000 0002 01 54005 /data/vendor/wifi/sockets/cnss_user_server
0000000000000000: 00000002 00000000 00010000 0001 01 958420 /dev/socket/thermal-recv-passive-client
0000000000000000: 00000002 00000000 00000000 0002 03 959472
0000000000000000: 00000002 00000000 00000000 0002 01 67030 /dev/socket/location/xtra/socket_xtra
0000000000000000: 00000002 00000000 00000000 0002 03 2450625
0000000000000000: 00000002 00000000 00000000 0002 03 967235
0000000000000000: 00000002 00000000 00010000 0001 01 958421 /dev/socket/thermal-send-rule
0000000000000000: 00000003 00000000 00000000 0005 03 958319
0000000000000000: 00000002 00000000 00000000 0002 03 42530
0000000000000000: 00000002 00000000 00000000 0002 03 5178084
0000000000000000: 00000003 00000000 00000000 0001 03 988597 /dev/socket/traced_producer
0000000000000000: 00000003 00000000 00000000 0005 03 962064
0000000000000000: 00000002 00000000 00000000 0002 03 642312
0000000000000000: 00000002 00000000 00010000 0001 01 974567 /dev/socket/traced_consumer
0000000000000000: 00000002 00000000 00000000 0002 03 5194153
0000000000000000: 00000002 00000000 00000000 0002 03 2446069
0000000000000000: 00000003 00000000 00000000 0005 03 993753
0000000000000000: 00000002 00000000 00010000 0001 01 974570 /dev/socket/traced_producer
0000000000000000: 00000002 00000000 00000000 0002 03 969072
0000000000000000: 00000003 00000000 00000000 0005 03 956076
0000000000000000: 00000002 00000000 00000000 0002 03 51336
0000000000000000: 00000002 00000000 00000000 0002 03 45213
0000000000000000: 00000002 00000000 00000000 0002 03 2667885
0000000000000000: 00000002 00000000 00000000 0002 03 53593
0000000000000000: 00000003 00000000 00000000 0005 03 3783256
0000000000000000: 00000002 00000000 00000000 0002 03 49535
0000000000000000: 00000003 00000000 00000000 0005 03 5191929
0000000000000000: 00000003 00000000 00000000 0001 03 956904
0000000000000000: 00000002 00000000 00000000 0002 03 967740
0000000000000000: 00000002 00000000 00000000 0002 01 66291 /dev/socket/location/mq/6e0c7bfc00-LC
0000000000000000: 00000002 00000000 00000000 0002 03 57461
0000000000000000: 00000003 00000000 00000000 0005 03 972026
0000000000000000: 00000002 00000000 00000000 0002 03 973828
0000000000000000: 00000002 00000000 00000000 0002 03 119174
0000000000000000: 00000002 00000000 00000000 0002 01 42642
0000000000000000: 00000002 00000000 00010000 0005 01 68068 /dev/socket/pageboostd
0000000000000000: 00000002 00000000 00000000 0002 01 54190
0000000000000000: 00000003 00000000 00000000 0001 03 4950234
0000000000000000: 00000002 00000000 00000000 0002 03 965733
0000000000000000: 00000003 00000000 00000000 0005 03 960465
0000000000000000: 00000003 00000000 00000000 0005 03 5178042
0000000000000000: 00000002 00000000 00000000 0002 03 5166556
0000000000000000: 00000003 00000000 00000000 0005 03 957802
0000000000000000: 00000003 00000000 00000000 0001 03 947920 @VND_Multiclient
0000000000000000: 00000002 00000000 00000000 0002 03 38300
0000000000000000: 00000003 00000000 00000000 0005 03 973426
0000000000000000: 00000003 00000000 00000000 0005 03 948073
0000000000000000: 00000003 00000000 00000000 0005 03 52062
0000000000000000: 00000003 00000000 00000000 0005 03 53361 @@@@@@@@@@@@@@@@@@@@@@@@@@@@@@@@@@@@@@@@@@@@@@@@@@@@@@@@@@@@@@@@@@@@@@@@@@@@@@@@@@@@@@@@@@@@@@@@@@@@@@@@@@@@
0000000000000000: 00000002 00000000 00000000 0002 03 5176996
0000000000000000: 00000003 00000000 00000000 0005 03 4822007
0000000000000000: 00000003 00000000 00000000 0001 03 2213016
0000000000000000: 00000003 00000000 00000000 0005 03 3792320
0000000000000000: 00000002 00000000 00000000 0002 03 963060
0000000000000000: 00000003 00000000 00000000 0005 03 962027
0000000000000000: 00000002 00000000 00010000 0001 01 70457 /dev/socket/mdnsd
0000000000000000: 00000002 00000000 00000000 0002 03 26555
0000000000000000: 00000003 00000000 00000000 0001 03 988601 /dev/socket/traced_producer
0000000000000000: 00000003 00000000 00000000 0005 03 974533
0000000000000000: 00000002 00000000 00000000 0002 03 959226
0000000000000000: 00000002 00000000 00000000 0002 03 958027
0000000000000000: 00000003 00000000 00000000 0001 03 948750
0000000000000000: 00000002 00000000 00000000 0002 03 36779
0000000000000000: 00000003 00000000 00000000 0005 03 5165696
0000000000000000: 00000003 00000000 00000000 0005 03 966784
0000000000000000: 00000002 00000000 00000000 0002 03 49673
0000000000000000: 00000003 00000000 00000000 0005 03 1750388
0000000000000000: 00000003 00000000 00000000 0005 03 38908 @@@@@@@@@@@@@@@@@@@@@@@@@@@@@@@@@@@@@@@@@@@@@@@@@@@@@@@@@@@@@@@@@@@@@@@@@@@@@@@@@@@@@@@@@@@@@@@@@@@@@@@@@@@@
0000000000000000: 00000003 00000000 00000000 0001 03 5203340
0000000000000000: 00000002 00000000 00000000 0002 03 979311
0000000000000000: 00000003 00000000 00000000 0005 03 973591
0000000000000000: 00000002 00000000 00000000 0002 03 971073
0000000000000000: 00000002 00000000 00000000 0002 01 45891
0000000000000000: 00000002 00000000 00000000 0002 03 49031
0000000000000000: 00000002 00000000 00000000 0002 03 993771
0000000000000000: 00000003 00000000 00000000 0005 03 960464
0000000000000000: 00000003 00000000 00000000 0001 03 2233228
0000000000000000: 00000002 00000000 00000000 0002 03 973824
0000000000000000: 00000002 00000000 00000000 0002 03 967398
0000000000000000: 00000002 00000000 00000000 0002 03 42716
0000000000000000: 00000002 00000000 00000000 0002 03 952290
0000000000000000: 00000003 00000000 00000000 0001 03 60930
0000000000000000: 00000002 00000000 00000000 0001 01 59276
0000000000000000: 00000002 00000000 00000000 0002 03 39825
0000000000000000: 00000002 00000000 00000000 0001 03 2246185
0000000000000000: 00000002 00000000 00000000 0002 03 66150
0000000000000000: 00000003 00000000 00000000 0005 03 5189560
0000000000000000: 00000002 00000000 00000000 0002 03 37298
0000000000000000: 00000002 00000000 00000000 0002 03 956274
0000000000000000: 00000002 00000000 00000000 0002 03 35604
0000000000000000: 00000003 00000000 00000000 0001 03 966835
0000000000000000: 00000003 00000000 00000000 0001 03 2233195
0000000000000000: 00000002 00000000 00000000 0002 03 1754090
0000000000000000: 00000002 00000000 00000000 0002 03 961413
0000000000000000: 00000002 00000000 00000000 0002 03 5196258
0000000000000000: 00000002 00000000 00000000 0002 03 5191833
0000000000000000: 00000002 00000000 00000000 0002 03 2419899
0000000000000000: 00000002 00000000 00000000 0002 03 968116
0000000000000000: 00000002 00000000 00000000 0002 03 5193236
0000000000000000: 00000003 00000000 00000000 0005 03 5061603
0000000000000000: 00000003 00000000 00000000 0001 03 3976097
0000000000000000: 00000002 00000000 00000000 0002 01 66294
0000000000000000: 00000003 00000000 00000000 0001 03 52734
0000000000000000: 00000002 00000000 00000000 0002 03 38904
0000000000000000: 00000002 00000000 00000000 0002 03 36786
0000000000000000: 00000003 00000000 00000000 0005 03 5154648
0000000000000000: 00000002 00000000 00000000 0002 03 969209
0000000000000000: 00000003 00000000 00000000 0005 03 965842
0000000000000000: 00000002 00000000 00000000 0002 03 961777
0000000000000000: 00000002 00000000 00000000 0002 03 5179668
0000000000000000: 00000003 00000000 00000000 0001 03 947946 @VND_Multiclient
0000000000000000: 00000002 00000000 00000000 0002 03 50554
0000000000000000: 00000002 00000000 00010000 0001 01 27689 /dev/socket/property_service_for_system
0000000000000000: 00000002 00000000 00000000 0001 03 2376320
0000000000000000: 00000003 00000000 00000000 0005 03 1750389
0000000000000000: 00000003 00000000 00000000 0005 03 1129407
0000000000000000: 00000003 00000000 00000000 0001 03 988583
0000000000000000: 00000002 00000000 00000000 0002 03 49971
0000000000000000: 00000002 00000000 00010000 0001 01 27692 /dev/socket/property_service
0000000000000000: 00000002 00000000 00000000 0002 03 5191747
0000000000000000: 00000002 00000000 00000000 0002 03 39862
0000000000000000: 00000003 00000000 00000000 0005 03 969031
0000000000000000: 00000003 00000000 00000000 0005 03 840635 /dev/socket/perfmond
0000000000000000: 00000003 00000000 00000000 0005 03 2187135
0000000000000000: 00000002 00000000 00000000 0002 03 54227
0000000000000000: 00000002 00000000 00000000 0002 03 42585
0000000000000000: 00000003 00000000 00000000 0005 03 5194440
0000000000000000: 00000003 00000000 00000000 0001 03 988593 /dev/socket/traced_producer
0000000000000000: 00000003 00000000 00000000 0005 03 970304
0000000000000000: 00000003 00000000 00000000 0001 03 956914
0000000000000000: 00000002 00000000 00000000 0002 03 951899
0000000000000000: 00000003 00000000 00000000 0005 03 56592 @@@@@@@@@@@@@@@@@@@@@@@@@@@@@@@@@@@@@@@@@@@@@@@@@@@@@@@@@@@@@@@@@@@@@@@@@@@@@@@@@@@@@@@@@@@@@@@@@@@@@@@@@@@@
0000000000000000: 00000003 00000000 00000000 0005 03 5034558
0000000000000000: 00000003 00000000 00000000 0001 03 966804
0000000000000000: 00000003 00000000 00000000 0005 03 965694
0000000000000000: 00000003 00000000 00000000 0001 03 947919
0000000000000000: 00000002 00000000 00000000 0002 03 637836
0000000000000000: 00000002 00000000 00000000 0002 01 54711
0000000000000000: 00000002 00000000 00000000 0002 03 49335
0000000000000000: 00000003 00000000 00000000 0005 03 1019511
0000000000000000: 00000003 00000000 00000000 0001 03 51429
0000000000000000: 00000003 00000000 00000000 0005 03 973542
0000000000000000: 00000002 00000000 00000000 0002 03 42586
0000000000000000: 00000003 00000000 00000000 0005 03 968986
0000000000000000: 00000003 00000000 00000000 0005 03 972027
0000000000000000: 00000003 00000000 00000000 0005 03 147247
0000000000000000: 00000002 00000000 00000000 0002 03 51270
0000000000000000: 00000003 00000000 00000000 0005 03 1044569
0000000000000000: 00000003 00000000 00000000 0005 03 962028
0000000000000000: 00000003 00000000 00000000 0001 03 956238 @com.android.internal.os.WebViewZygoteInit/501923d5-bd92-4339-be73-1bceaa9243f1
0000000000000000: 00000003 00000000 00000000 0005 03 966782
0000000000000000: 00000002 00000000 00000000 0002 03 58380
0000000000000000: 00000002 00000000 00000000 0002 03 961531
0000000000000000: 00000002 00000000 00000000 0002 03 39733
0000000000000000: 00000003 00000000 00000000 0001 03 58498
0000000000000000: 00000002 00000000 00000000 0002 03 53430
0000000000000000: 00000003 00000000 00000000 0005 03 2187136
0000000000000000: 00000002 00000000 00000000 0002 03 979350
0000000000000000: 00000003 00000000 00000000 0001 03 965838
0000000000000000: 00000002 00000000 00000000 0002 01 54712
0000000000000000: 00000002 00000000 00000000 0002 03 5177869
0000000000000000: 00000003 00000000 00000000 0005 03 5176795
0000000000000000: 00000002 00000000 00000000 0002 03 956120
0000000000000000: 00000002 00000000 00000000 0002 03 953719
0000000000000000: 00000002 00000000 00000000 0002 03 5182156
0000000000000000: 00000003 00000000 00000000 0001 03 3790468
0000000000000000: 00000003 00000000 00000000 0005 03 1755384
0000000000000000: 00000003 00000000 00000000 0001 03 945996 /dev/socket/zygote
0000000000000000: 00000003 00000000 00000000 0005 03 957867
0000000000000000: 00000002 00000000 00000000 0002 03 46072
0000000000000000: 00000003 00000000 00000000 0005 03 4720165
0000000000000000: 00000002 00000000 00000000 0002 03 45718
0000000000000000: 00000002 00000000 00000000 0002 03 958210
0000000000000000: 00000003 00000000 00000000 0001 03 5203341
0000000000000000: 00000003 00000000 00000000 0005 03 5165695
0000000000000000: 00000003 00000000 00000000 0005 03 965843
0000000000000000: 00000002 00000000 00000000 0001 01 948042
0000000000000000: 00000002 00000000 00000000 0002 01 54708
0000000000000000: 00000002 00000000 00000000 0002 01 49359
0000000000000000: 00000003 00000000 00000000 0001 03 76831
0000000000000000: 00000003 00000000 00000000 0001 03 964609
0000000000000000: 00000002 00000000 00000000 0002 03 54131
0000000000000000: 00000002 00000000 00000000 0002 03 956247
0000000000000000: 00000002 00000000 00000000 0002 01 67029
0000000000000000: 00000003 00000000 00000000 0005 03 4849259
0000000000000000: 00000003 00000000 00000000 0005 03 56446 @@@@@@@@@@@@@@@@@@@@@@@@@@@@@@@@@@@@@@@@@@@@@@@@@@@@@@@@@@@@@@@@@@@@@@@@@@@@@@@@@@@@@@@@@@@@@@@@@@@@@@@@@@@@
0000000000000000: 00000003 00000000 00000000 0005 03 5194018
0000000000000000: 00000003 00000000 00000000 0005 03 1013768
0000000000000000: 00000003 00000000 00000000 0001 03 966797
0000000000000000: 00000003 00000000 00000000 0005 03 964980
0000000000000000: 00000002 00000000 00010000 0001 01 950261 @VND_Multiclient2
0000000000000000: 00000002 00000000 00010000 0005 01 44240 @@@@@@@@@@@@@@@@@@@@@@@@@@@@@@@@@@@@@@@@@@@@@@@@@@@@@@@@@@@@@@@@@@@@@@@@@@@@@@@@@@@@@@@@@@@@@@@@@@@@@@@@@@@@
0000000000000000: 00000002 00000000 00000000 0002 03 947197 @zn_log_hE3qcLvQy6bcmKSOTnPswX
0000000000000000: 00000002 00000000 00010000 0001 01 960196 @Multiclient2
0000000000000000: 00000002 00000000 00010000 0001 01 956898 @Multiclient
0000000000000000: 00000002 00000000 00010000 0001 01 958006 @com.android.internal.os.WebViewZygoteInit/501923d5-bd92-4339-be73-1bceaa9243f1
0000000000000000: 00000002 00000000 00010000 0001 01 119516 @lsp_dex2oat036fb14ef23d77681a44f7a68eaf2
0000000000000000: 00000002 00000000 00010000 0001 01 45334 @time_genoff
0000000000000000: 00000002 00000000 00000000 0002 03 950013 @zn_global_hE3qcLvQy6bcmKSOTnPswX
0000000000000000: 00000002 00000000 00010000 0001 01 950012 @zn_init_hE3qcLvQy6bcmKSOTnPswX
0000000000000000: 00000002 00000000 00010000 0001 01 146249 @lspbridge-de19f59d-e629-45ff-9df5-630d3c0e15a2
0000000000000000: 00000002 00000000 00010000 0001 01 964127 @THERMALE_UI
0000000000000000: 00000002 00000000 00010000 0001 01 950011 @zn_zygote_hE3qcLvQy6bcmKSOTnPswX
0000000000000000: 00000002 00000000 00010000 0001 01 960191 @VND_Multiclient
0000000000000000: 00000002 00000000 00010000 0005 01 5193090 @jdwp-control
0000000000000000: 00000002 00000000 00000000 0002 01 42203 @gplisnr@
